1753
2965
1328
2109
2586
2524
2506
3295
1068
2632
1573
2993
2996
3278
2049
3083
1860
3259
1062
2253
1125
2240
1789
2485
1258
3026
1094
3267
3687
3041
3020
1459
3436
1035
3080
1936
2388
2299
1611
3349
3274
2151
1840
2002
2503
3253
2442
1442
2513
2418
2488
3083
3009
1321
2251
3278
1426
3126
3087
3414
2531
1416
2676
1129
1837
1276
3267
1836
1260
2533
3176
1080
1159
3252
1850
1019
1942
2635
3292
1845
2115
3273
3258
1905
3122
1265
2031
1039
1408
1584
2187
1113
3096
3007
3393
1472
3371
1027
2706
1201
2983
3159
1275
1364
2516
2195
3422
2942
3694
2186
3592
3114
3352
3308
3155
2195
2400
3686
2528
2828
2777
2886
2750
2482
2352
2892
3468
1195
3321
3264
3368
1703
2492
1961
2406
1699
3411
1724
3373
1691
1191
1054
3280
2029
2948
1925
3034
3254
2411
1185
2057
1947
2486
3140
1286
2409
3270
1026
2947
1487
2065
1166
1222
3071
3440
1061
2891
3101
2115
2976
3150
3422
3070
3301
3318
2454
1870
3296
3286
1095
1151
1765
1177
1151
3277
2280
3004
3130
3335
1819
1066
2043
3227
2165
3429
2525
1684
1421
1048
2050
3306
3434
1639
3621
2976
3255
2513
2449
3155
2112
1966
3281
1087
2289
3216
2446
2728
3164
1679
3207
3678
3683
3648
2723
2749
1734
2778
3691
1330
2823
3666
3016
3415
3294
2774
2758
1069
3322
1475
1924
2049
3426
1768
1184
1872
1324
2046
1482
3131
2870
2286
2754
3378
3017
1160
1180
3709
3133
1739
2411
1763
2888
2154
3317
1085
3384
2540
2966
2079
3109
1478
1462
2729
2048
3336
3315
2148
1263














































































